10768566376, 99097149287585
10768566445, 131321456178483
10768566480, 116665314051251
10768566505, 87159440380256
10768566550, 114384644815344
10768566589, 97637420569513
10768566615, 135515753698112
10768566641, 85108481519757
10768566667, 98775342279005
10768566708, 125295467044792
10768567779, 94244294419946
10768576083, 123060465160840
10768576162, 76848907995387
10768576214, 91697037621005
10768576275, 113618077505400
10768578121, 99999572717571
10768578456, 140419059172008
10768579154, 74041772064264
10768579791, 84686296335244
10768579871, 118842260994972
10768579929, 99444574686589
10768579988, 110786372051440
10768581049, 130833734791211
10768581134, 119316750930167
10768581586, 119057383275004
10768581715, 70654145429547
10768581869, 101967722740688
10768582060, 137570294695732
10768582225, 80189332263139
10768582401, 77948693870368
10768582591, 116582024533038
10768582767, 117080475701513
10768584936, 129834377987535
10768585003, 73547215828364
10768585073, 79001026535568
10768585114, 114940390154304
10768585262, 128751972046347
10768585300, 136989581513575
10768585331, 81168064565786
10768585361, 111306156843725
10768585379, 71900502092478
10768585403, 116021902201755
10768587258, 138405565965644
10768587314, 112761255256707
10768587351, 127490476966577
10768587393, 95567907758693
10768587429, 95412364045999
10768587465, 120871816693048
10768587515, 117819317358256
10768587586, 116631136857043
10768587620, 135096149247621
10768587665, 117548730022225
10768587706, 138582736983379
10768587743, 72047497984166
10768587784, 127627285563146
10768587928, 137391107153029
10768588014, 133620410653321
10768588072, 94188504413349
10768588158, 122349297898195
10768588210, 109778270594886
10768588269, 95994507889979
10768588466, 80419047225593
10768588534, 126725797077212
10768588592, 110978090986971
10768588632, 133172032235780
10768588677, 70453230614176
10768588721, 108429512751210
10768588758, 84187335761709
10768588815, 75318216889880
10768588860, 90044721329780
10768588909, 88296453955434
10768588967, 95209259624393
10768589007, 76477119211465
10768589182, 135984717430317
10768589272, 89431347562560
10768589336, 100063798801624
10768589400, 76052222568178
10768589487, 96082572785763
10768589564, 82901882608481
10768591308, 76673819744535
10768591377, 84426498443662
10768591445, 122624020523891
10768591537, 115638029230921
10768591624, 84193285202951
10768592256, 84520428540708
10768592350, 115913985592279
10768592395, 94058069218486
10768592457, 119666187798946
10768592530, 117558563898631
10768592589, 118156232300026
10768592657, 132089445546657
10768592713, 137826864321636
10768592776, 114679560503740
10768592836, 84628119883522
10768592914, 122246507334066
10768592973, 129747892161942
10768593030, 105221346986112
10768593371, 107497789449086
10768593431, 133891578276736
10768593490, 136164559672611
10768593540, 100442445959620
10768593594, 122929675122872
10768595218, 81313920248440
10768595283, 73164107894365
10768595393, 86150269342722
10768595444, 119898999149034
10768595487, 120455113928472
10768595551, 124404647193856
10768595611, 135259599072799
10768595669, 116026795782073
10768595709, 101253617578757
10768595764, 111839107778613
10768595828, 97482600540989
10768595878, 107388863690699
10768595935, 117385067191017
10768596306, 112322539280374
10768596369, 112801774230365
10768596473, 138166767485447
10768596529, 74832235854578
10768596579, 106056652774644
10768596625, 79438996614896
10768596668, 115450604243570
10768596716, 86366906368355
10768596753, 90410349059510
10768596805, 125994272187369
10768596856, 78260813295086
10768596912, 104901091788352
10768596976, 87019983117511
10768597044, 74071714827214
10768597121, 103222664003055
10768597171, 93046360010419
10768597221, 74671516873548
10768597266, 137229788032634
10768597329, 103049505301678
10768597382, 122234468994188
10768597449, 82520184423276
10768597491, 75486683629638
10768597909, 121117728806140
10768597968, 121516786632280
10768598088, 134866784739823
10768598140, 114377930199398
10768598204, 132598097433650
10768598247, 97623417090950
10768598306, 96172954688863
10768598365, 134640954764230
10768598417, 123426781382291
10768598471, 127499281352856
10768598528, 81865692507126
10768598573, 138781615924491
10768598616, 138375648360149
10768598732, 127966679734579
10768598822, 95462454838444
10768598927, 88768960770972
10768599052, 77222485440230
10768600618, 131168577526801
10768600697, 111832182420182
10768600780, 121297920205479
10768600872, 115583344384211
10768600922, 113340994384936
10768600984, 84499374080065
10768601052, 131272380696543
10768601119, 125714075947006
10768601203, 76031276307738
10768601265, 88259560906627
10768601323, 72705792524161
10768601385, 126042995801073
10768601458, 77631626698454
10768601525, 87496859145956
10768601584, 90634493560267
10768601640, 131501011269973
10768601686, 88957794542770
10768601751, 73844554263372
10768601803, 93865330584891
10768601857, 105918138650479
10768601936, 125963664766722
10768602461, 91285871583435
10768602569, 109652876705764
10768602605, 126406859485795
10768602652, 129148696894546
10768602694, 89921621239942
10768602742, 106354054015712
10768602790, 100829249483513
10768602832, 79444668521577
10768602894, 71746141754715
10768602967, 80125738714275
10768603013, 114717606278484
10768603063, 72682599278050
10768603116, 73046365519877
10768603152, 127212833182152
10768603198, 71516574690147
10768603248, 81997283069677
10768603287, 133799843729149
10768603352, 82041091348398
10768603402, 121736747526292
10768603738, 107110172077001
10768603796, 112203608982144
10768603866, 131072789259196
10768603904, 134373613536626
10768603952, 103548788980085
10768604007, 91476519834920
10768604083, 137837124732158
10768604134, 74579911620096
10768604184, 121768327988944
10768604222, 100390388477984
10768604272, 136375381123307
10768604316, 77344497058305
10768604356, 133567216463872
10768604407, 117066704309192
10768604449, 105306983584367
10768604502, 87690374084564
10768604549, 97718635296720
10768604597, 94921358492153
10768605155, 124213290243401
10768605200, 90332948008060
10768605257, 113549731648472
10768605304, 107839411439320
10768605347, 123125321371253
10768605412, 131978373491747
10768605456, 94845333540282
10768605502, 82112197387235
10768605533, 115803747825185
10768754711, 125061279676086
10768754768, 103704530651164
10768754828, 101432861830409
10768754870, 114109089201482
10768754903, 130159730228168
10768754938, 115131448630858
10768754975, 139987945336902
10768755019, 71965319681383
10768755054, 107062627902883
10768755096, 118797265653538
10768755135, 102398540112855
10768755165, 120691472745081
10768755203, 127018847241609
10768755230, 98754438276740
10768755266, 104425214729557
10768755309, 84977457170260
10768755349, 133305089729140
10768755386, 84957705568600
10768755422, 128726684312053
10768755455, 117748361359360
10768755485, 105330650190122
10768755530, 113113765428960
10768755571, 127113031042015
10768755599, 88543447701342
10768755633, 91340859118530
10768756382, 133269281729097
10768756519, 105994257503232
10768756803, 140392652377171
10768756899, 86533488239741
10768756940, 130400572774573
10768756976, 109694822761099
10768757019, 100982937502306
10768757065, 115090078482907
10768757101, 80536103442890
10768757131, 129729929595279
10768757167, 76368717041268
10768757205, 135520092710078
10768757233, 89426934987030
10768757270, 102426398396329
10768757300, 102986347317189
10768757331, 111437528498063
10768757352, 107636931214043
10768757385, 124988577014679
10768757416, 91830142588458
10768757444, 130589846313318
10768757471, 90623799469756
10768757503, 81791763008714
10768757556, 111612017123390
10768757590, 83251066364474
10768757618, 74084986009922
10768757655, 85211526158333
10768757686, 125752403255625
10768757716, 118482280978212
10768757746, 74098791014019
10768757775, 117688473577654
10768757819, 100403980393706
10768760115, 115564565855672
10768760691, 96785307453929
10768760745, 93294345780479
10768760897, 78308343967906
10768760965, 121631966548065
10768761019, 96495998953808
10768761078, 83839369175245
10768761139, 134192985589256
10768761288, 116511943044812
10768761348, 128465105180160
10768761588, 95650019678656
10768761658, 72213886887771
10768761754, 85021393227275
10768761802, 137196321375274
10768761848, 98955616542122
10768761879, 120527255935913
10768761919, 82696682360490
10768761958, 109104840121353
10768762004, 85485216454397
10768762049, 73403525634037
10768762084, 139158197641797
10768762119, 133900121515424
10768762151, 120467246323752
10768762187, 73856709791005
10768762227, 87316624544940
10768762264, 92418501026884
10768762302, 71272720211657
10768762337, 76378044859893
10768762384, 91467686024574
10768762434, 88317567055104
10768762480, 126946396582586
10768762508, 101759406454233
10768762557, 119223672487705
10768762586, 81346599530534
10768762630, 96134737917181
10768762664, 90099619835878
10768762695, 140411667395071
10768762740, 71199792260989
10768762782, 137140621719700
10768764226, 70797283803420
10768764359, 105845836552661
10768764401, 85208206227910
10768764439, 73630264354752
10768764486, 136525756657385
10768764528, 101067765366868
10768764581, 113680115853548
10768764631, 128236910747002
10768764672, 80139068911771
10768764717, 119294713497159
10768764769, 90025680674695
10768764828, 93502372536821
10768764867, 88168985603747
10768764920, 90715981635181
10768764965, 83856639739517
10768765020, 134745116778087
10768765067, 115136048916758
10768765122, 87635691107710
10768765179, 107521051377394
10768765226, 133497772323095
10768765267, 96272722940891
10768765319, 116438689861886
10768765376, 104154662352465
10768765434, 138767590577427
10768765495, 124315453382397
10768765560, 114331768783571
10768765597, 117516469862975
10768765647, 137651733674401
10768765696, 115387040096067
10768765743, 138193211776643
10768765792, 101695228478108
10768765844, 74163783943177
10768765881, 88199989957492
10768765935, 72891107803276
10768765977, 127927255964383
10768766434, 86013258993663
10768766477, 105645551418896
10768766561, 100990595045987
10768766601, 120018568854702
10768766676, 129167653773253
10768766722, 136475216507366
10768766760, 107571120569522
10768766809, 85541201711413
10768766856, 126005291589431
10768766891, 82533857161968
10768766929, 86054926719373
10768766964, 138138199040793
10768766997, 126303215016914
10768767049, 112165321612651
10768767080, 96267022170963
10768767118, 87372890488825
10768767156, 89192696408401
10768767198, 75360535992752
10768767226, 97946762763638
10768767258, 90001685877721
10768767294, 121565108949108
10768767339, 84221558215217
10768767371, 91739921773799
10768767403, 107428915638939
10768767431, 85150653841711
10768767465, 71164134691586
10768767493, 126833607567090
10768767534, 120420293491827
10768767577, 98845330377519
10768767614, 84227041750201
10768767654, 80150204896974
10768767689, 113494893562486
10768767717, 103587450866725
10768767757, 127899758169616
10768767796, 75219902912884
10768767848, 114019148374519
10768767879, 87517927475612
10768767905, 125353803517775
10768767930, 75489801840892
10768774322, 86456363980991
10768774411, 112957086783303
10768774890, 75413709655808
10768774926, 133164445093170
10768774967, 81575996171649
10768775000, 107794339246625
10768775032, 102334473561381
10768775076, 120863756682520
10768775124, 120174890433892
10768775155, 126518742835144
10768775197, 112445577135202
10768775244, 71336653692300
10768775288, 81109558970076
10768775337, 125287019462384
10768775374, 115278570117642
10768775419, 104548081475414
10768775453, 117256362539080
10768775507, 111627462637115
10768775537, 132419279797238
10768775586, 106261630415605
10768775624, 126724632312947
10768775646, 81703426615382
10768775688, 138586264882339
10768775732, 109774878302250
10768775771, 129828087632720
10768775802, 96778696566707
10768775846, 98952984086137
10768775883, 106906784825321
10768775924, 103325137228058
10768775967, 104400685853439
10768776006, 81100384348101
10768776043, 81171863591589
10768776080, 95420712941042
10768776110, 92312140031101
10768776142, 115592668732507
10768776183, 108140596850192
10768776218, 98255341986868
10768776247, 74027845828522
10768776287, 87796961806136
10768777595, 132837535188139
10768777986, 71374086900846
10768778055, 81676031039828
10768778085, 125003378419783
10768778114, 120025782009335
10768778157, 137966976864374
10768778201, 76506272997399
10768778250, 120732775044014
10768778294, 101494761411615
10768778387, 118792403120644
10768778416, 113278631780152
10768778441, 78466579441560
10768778475, 114732034630927
10768778495, 71073620041195
10768778532, 78033237484334
10768778551, 131385519241799
10768778585, 84426689073990
10768778613, 116839188619564
10768778647, 108851255751555
10768778673, 80517967843199
10768778695, 134634458746696
10768778719, 103728242610756
10768778753, 73214927799885
10768778773, 73943352837324
10768778799, 108895787480824
10768778815, 137531397714423
10768778839, 129895577918366
10768778862, 133761855336008
10768778888, 131916288106674
10768778910, 99391854452125
10768778933, 88592213515225
10768778949, 96968096743650
10768778972, 70646223705457
10768779001, 130076719874936
10768779021, 90494925618238
10768779043, 129614795172076
10768779070, 127546341863629
10768779092, 93192220256818
10768779115, 118895368037568
10768779137, 91128643965934
10768779164, 71421458558018
10768779188, 95591071297551
10768779211, 89434318817859
10768779237, 128370389460212
10768779257, 124818179271766
10768779280, 85982049893959
10768779311, 137652897543538
10768779333, 104464236273306
10768783969, 131533938840869
10768785373, 82188021572479
10768785493, 139108110176928
10768785693, 71183341634600
10768785735, 116565470620327
10768785773, 82507795023252
10768785850, 100851011803042
10768785927, 117457801960124
10768785944, 92251410825460
10768785957, 107810136861654
10768785988, 84405037727092
10768786006, 120738532967413
10768786030, 120298027360800
10768786059, 124955992236269
10768786074, 109383613067220
10768786096, 137303873965423
10768786120, 130078861176826
10768786153, 90567313847547
10768786181, 94853358605910
10768786205, 74771035816342
10768786232, 131205993776303
10768786259, 98407518413083
10768786283, 140490556186360
10768786315, 80743158600789
10768786343, 90358313630365
10768786369, 124986625401295
10768786387, 74318768724796
10768786413, 108147417466535
10768786432, 126594005826433
10768786458, 120831983590545
10768786488, 84997029671199
10768786517, 99855861397725
10768786540, 72028967661005
10768786561, 110026634850939
10768786590, 101890892231004
10768786619, 75794490101704
10768786644, 128595167848919
10768786680, 108007414932645
10768786708, 102106133966833
10768786728, 88572593152875
10768786746, 84739168005305
10768786768, 85764168660476
10768786795, 127109106196200
10768786828, 111767769910269
10768786848, 83539148497568
10768786871, 127441157857960
10768788935, 70669391312715
10768789008, 87940745485507
10768789088, 86281423568063
10768789132, 100169542889663
10768789187, 137052768060996
10768789240, 112270993922011
10768789296, 104196456215019
10768789346, 135945463807877
10768789399, 78838583604934
10768789446, 123587025253933
10768789514, 73427642416189
10768789565, 79726175046395
10768789611, 94285713141656
10768789671, 77325368916884
10768789722, 132390582660375
10768789788, 92145080736167
10768789831, 105821570371659
10768789892, 126342839808286
10768789943, 127447564053283
10768789994, 77361067326596
10768790053, 132233426403789
10768790096, 108757589872671
10768790148, 131532515171362
10768790198, 137868075054817
10768790239, 131333561596211
10768790297, 107807825279266
10768790349, 78870013017184
10768790390, 74819414710985
10768790438, 101737639559681
10768790489, 80604957835404
10768790541, 104466517935885
10768790590, 102387122625034
10768790648, 121130214640030
10768790690, 100588893934736
10768790739, 90546534919297
10768791408, 129958090403304
10768791463, 102312098307359
10768791517, 114238923297065
10768791566, 108747705382265
10768791615, 85000292880000
10768791662, 101916946895759
10768791711, 92669950738369
10768791760, 85996626591633
10768791805, 111009265515087
10768791849, 113201123482242
10768791902, 118205138243112
10768791950, 113750844376914
10768791995, 130981212568286
10768792038, 106099634216586
10768792098, 80702449658872
10768792201, 128213868579872
10768792255, 130032604685915
10768793151, 96961395542162
10768793202, 88079002701710
10768793254, 107676482622003
10768793298, 137026228393317
10768793349, 77912879855316
10768793497, 97224803118024
10768793541, 120985498326619
10768793591, 81604052196000
10768793644, 130463477160879
10768793692, 127276432791676
10768793744, 86074620082839
10768793803, 110710778274717
10768793852, 120748379992929
10768793908, 129288919584779
10768793968, 104574019299687
10768794024, 116692635221208
10768794067, 98233334092168
10768794108, 131274491068064
10768794164, 127318720908443
10768794214, 136807543609957
10768794264, 125715490831402
10768794318, 85823510239642
10768794368, 127834341535417
10768794418, 135924164327551
10768794456, 105256868667576
10768794512, 128023059210327
10768794560, 70410213589649
10768794619, 135203022190038
10768794670, 75090202829270
10768794714, 82948214592499
10768794767, 85796582105630
10768794823, 99743209849082
10768794879, 77073746105438
10768794932, 98014871209945
10768794976, 117217526695938
10768795024, 94896928592984
10768795430, 129916157388898
10768795473, 77532487554641
10768795523, 140598958896701
10768795573, 74409570189102
10768795628, 129839864738560
10768795665, 132091880396594
10768795715, 138386763140424
10768795767, 124192285017736
10768795818, 109889746805017
10768795871, 119157098161574
10768795929, 117142059643365
10768795977, 126584829405513
10768796044, 89704848201051
10768796102, 134665076322547
10768796147, 130373492587516
10768796191, 86303559429214
10768796240, 70577930357281
10768796279, 134067764765213
10768796334, 88704749237422
10768796379, 112490953733909
10768796432, 140051612657175
10768796476, 113778852320442
10768796519, 72569044556293
10768796566, 109071196542359
10768796615, 79186915126087
10768796654, 140024857747496
10768796713, 133388496213980
10768796777, 73871860815678
10768796832, 105096101816809
10768796896, 122022037131125
10768796959, 108651168350429
10768797018, 127074187851643
10768797070, 74180977529776
10768797122, 87062043271497
10768797182, 133297186347014
10768797239, 115343491547591
10768797293, 80235926880713
10768797347, 80334289812969
10768797400, 74037559238784
10768802309, 80731372812394
10768802332, 105299046695166
10768802369, 134489084686796
10768802391, 80741140177947
10768802409, 87696198827086
10768802434, 133728840884369
10768802462, 106150719688088
10768802482, 100587012508909
10768802506, 107587860813907
10768802528, 132229509598782
10768802562, 88112025839840
10768802592, 82438627842136
10768802619, 93656097157474
10768802650, 134621162657637
10768802670, 103833845222439
10768802703, 82250608152161
10768802730, 77416888776857
10768802762, 100332530616419
10768802788, 120065148698430
10768802824, 75514705471567
10768802847, 128307667992015
10768802880, 107454457702060
10768802909, 114727191267168
10768802941, 130799328374257
10768802977, 79787845354530
10768803014, 113713091501308
10768803036, 125269279635914
10768803064, 74204331300027
10768803099, 121994066019445
10768803117, 118132489855695
10768803149, 122272222076735
10768803174, 106392143049204
10768803203, 128376377283001
10768803230, 98153704119132
10768803256, 78617890151420
10768803281, 113490082115910
10768803312, 106548886941797
10768803331, 112796777224246
10768803355, 113171760607530
10768803806, 106984630942214
10768803828, 134939628173609
10768803862, 120853271615381
10768803886, 100487071451187
10768803911, 104373018251328
10768803932, 114340310575832
10768803965, 138949054329742
10768803988, 88542384057044
10768804012, 110216149622418
10768804038, 74049643500579
10768804071, 127929019007397
