9988427357, 122824378319827
7349506904, 106873757479743
3351154523, 8854733631
3246195930, 8502035506
3226544490, 8436526597
1947611777, 5573937125
1918175983, 5485747036
1992262075, 5660411921
1971692363, 5624250157
7345608945, 83557881759115
1843451903, 5263749809
3294415526, 8660673579
3325172442, 8764081130
3323046561, 8756930356
3305586810, 8697020669
3262153613, 8553864820
3261396042, 8551325974
3233052344, 8458038573
3212015806, 8392214558
3144877706, 8187313331
1097837509, 3043333348
2054484642, 5790560407
1680227481, 4911694835
1218215820, 3411912292
1098701329, 3045524178
1098037871, 3043792099
1097989576, 3043679241
1828322169, 5226935772
2419013236, 6475959259
1837107941, 5246640979
1828358158, 5227013462
1828367646, 5227033874
1828376413, 5227051896
1112524561, 3084290320
7345266624, 118809155690696
1408145626, 4397810893
1408141099, 4397793495
1402550426, 4361162211
1362799373, 4127700749
1306858491, 3789632905
1291633883, 3726740467
1351421141, 4059010950
1288344894, 3711953227
1228058796, 3448775004
1142813012, 3165960731
1141393960, 3162187581
1470399188, 4550036166
2667183664, 6960133947
1094612754, 3034173143
1104423403, 3062239314