10768566376
10768566445
10768566480
10768566505
10768566550
10768566589
10768566615
10768566641
10768566667
10768566708
10768567779
10768576083
10768576162
10768576214
10768576275
10768578121
10768578456
10768579154
10768579791
10768579871
10768579929
10768579988
10768581049
10768581134
10768581586
10768581715
10768581869
10768582060
10768582225
10768582401
10768582591
10768582767
10768584936
10768585003
10768585073
10768585114
10768585262
10768585300
10768585331
10768585361
10768585379
10768585403
10768587258
10768587314
10768587351
10768587393
10768587429
10768587465
10768587515
10768587586
10768587620
10768587665
10768587706
10768587743
10768587784
10768587928
10768588014
10768588072
10768588158
10768588210
10768588269
10768588466
10768588534
10768588592
10768588632
10768588677
10768588721
10768588758
10768588815
10768588860
10768588909
10768588967
10768589007
10768589182
10768589272
10768589336
10768589400
10768589487
10768589564
10768591308
10768591377
10768591445
10768591537
10768591624
10768592256
10768592350
10768592395
10768592457
10768592530
10768592589
10768592657
10768592713
10768592776
10768592836
10768592914
10768592973
10768593030
10768593371
10768593431
10768593490
10768593540
10768593594
10768595218
10768595283
10768595393
10768595444
10768595487
10768595551
10768595611
10768595669
10768595709
10768595764
10768595828
10768595878
10768595935
10768596306
10768596369
10768596473
10768596529
10768596579
10768596625
10768596668
10768596716
10768596753
10768596805
10768596856
10768596912
10768596976
10768597044
10768597121
10768597171
10768597221
10768597266
10768597329
10768597382
10768597449
10768597491
10768597909
10768597968
10768598088
10768598140
10768598204
10768598247
10768598306
10768598365
10768598417
10768598471
10768598528
10768598573
10768598616
10768598732
10768598822
10768598927
10768599052
10768600618
10768600697
10768600780
10768600872
10768600922
10768600984
10768601052
10768601119
10768601203
10768601265
10768601323
10768601385
10768601458
10768601525
10768601584
10768601640
10768601686
10768601751
10768601803
10768601857
10768601936
10768602461
10768602569
10768602605
10768602652
10768602694
10768602742
10768602790
10768602832
10768602894
10768602967
10768603013
10768603063
10768603116
10768603152
10768603198
10768603248
10768603287
10768603352
10768603402
10768603738
10768603796
10768603866
10768603904
10768603952
10768604007
10768604083
10768604134
10768604184
10768604222
10768604272
10768604316
10768604356
10768604407
10768604449
10768604502
10768604549
10768604597
10768605155
10768605200
10768605257
10768605304
10768605347
10768605412
10768605456
10768605502
10768605533
10768754711
10768754768
10768754828
10768754870
10768754903
10768754938
10768754975
10768755019
10768755054
10768755096
10768755135
10768755165
10768755203
10768755230
10768755266
10768755309
10768755349
10768755386
10768755422
10768755455
10768755485
10768755530
10768755571
10768755599
10768755633
10768756382
10768756519
10768756803
10768756899
10768756940
10768756976
10768757019
10768757065
10768757101
10768757131
10768757167
10768757205
10768757233
10768757270
10768757300
10768757331
10768757352
10768757385
10768757416
10768757444
10768757471
10768757503
10768757556
10768757590
10768757618
10768757655
10768757686
10768757716
10768757746
10768757775
10768757819
10768760115
10768760691
10768760745
10768760897
10768760965
10768761019
10768761078
10768761139
10768761288
10768761348
10768761588
10768761658
10768761754
10768761802
10768761848
10768761879
10768761919
10768761958
10768762004
10768762049
10768762084
10768762119
10768762151
10768762187
10768762227
10768762264
10768762302
10768762337
10768762384
10768762434
10768762480
10768762508
10768762557
10768762586
10768762630
10768762664
10768762695
10768762740
10768762782
10768764226
10768764359
10768764401
10768764439
10768764486
10768764528
10768764581
10768764631
10768764672
10768764717
10768764769
10768764828
10768764867
10768764920
10768764965
10768765020
10768765067
10768765122
10768765179
10768765226
10768765267
10768765319
10768765376
10768765434
10768765495
10768765560
10768765597
10768765647
10768765696
10768765743
10768765792
10768765844
10768765881
10768765935
10768765977
10768766434
10768766477
10768766561
10768766601
10768766676
10768766722
10768766760
10768766809
10768766856
10768766891
10768766929
10768766964
10768766997
10768767049
10768767080
10768767118
10768767156
10768767198
10768767226
10768767258
10768767294
10768767339
10768767371
10768767403
10768767431
10768767465
10768767493
10768767534
10768767577
10768767614
10768767654
10768767689
10768767717
10768767757
10768767796
10768767848
10768767879
10768767905
10768767930
10768774322
10768774411
10768774890
10768774926
10768774967
10768775000
10768775032
10768775076
10768775124
10768775155
10768775197
10768775244
10768775288
10768775337
10768775374
10768775419
10768775453
10768775507
10768775537
10768775586
10768775624
10768775646
10768775688
10768775732
10768775771
10768775802
10768775846
10768775883
10768775924
10768775967
10768776006
10768776043
10768776080
10768776110
10768776142
10768776183
10768776218
10768776247
10768776287
10768777595
10768777986
10768778055
10768778085
10768778114
10768778157
10768778201
10768778250
10768778294
10768778387
10768778416
10768778441
10768778475
10768778495
10768778532
10768778551
10768778585
10768778613
10768778647
10768778673
10768778695
10768778719
10768778753
10768778773
10768778799
10768778815
10768778839
10768778862
10768778888
10768778910
10768778933
10768778949
10768778972
10768779001
10768779021
10768779043
10768779070
10768779092
10768779115
10768779137
10768779164
10768779188
10768779211
10768779237
10768779257
10768779280
10768779311
10768779333
10768783969
10768785373
10768785493
10768785693
10768785735
10768785773
10768785850
10768785927
10768785944
10768785957
10768785988
10768786006
10768786030
10768786059
10768786074
10768786096
10768786120
10768786153
10768786181
10768786205
10768786232
10768786259
10768786283
10768786315
10768786343
10768786369
10768786387
10768786413
10768786432
10768786458
10768786488
10768786517
10768786540
10768786561
10768786590
10768786619
10768786644
10768786680
10768786708
10768786728
10768786746
10768786768
10768786795
10768786828
10768786848
10768786871
10768788935
10768789008
10768789088
10768789132
10768789187
10768789240
10768789296
10768789346
10768789399
10768789446
10768789514
10768789565
10768789611
10768789671
10768789722
10768789788
10768789831
10768789892
10768789943
10768789994
10768790053
10768790096
10768790148
10768790198
10768790239
10768790297
10768790349
10768790390
10768790438
10768790489
10768790541
10768790590
10768790648
10768790690
10768790739
10768791408
10768791463
10768791517
10768791566
10768791615
10768791662
10768791711
10768791760
10768791805
10768791849
10768791902
10768791950
10768791995
10768792038
10768792098
10768792201
10768792255
10768793151
10768793202
10768793254
10768793298
10768793349
10768793497
10768793541
10768793591
10768793644
10768793692
10768793744
10768793803
10768793852
10768793908
10768793968
10768794024
10768794067
10768794108
10768794164
10768794214
10768794264
10768794318
10768794368
10768794418
10768794456
10768794512
10768794560
10768794619
10768794670
10768794714
10768794767
10768794823
10768794879
10768794932
10768794976
10768795024
10768795430
10768795473
10768795523
10768795573
10768795628
10768795665
10768795715
10768795767
10768795818
10768795871
10768795929
10768795977
10768796044
10768796102
10768796147
10768796191
10768796240
10768796279
10768796334
10768796379
10768796432
10768796476
10768796519
10768796566
10768796615
10768796654
10768796713
10768796777
10768796832
10768796896
10768796959
10768797018
10768797070
10768797122
10768797182
10768797239
10768797293
10768797347
10768797400
10768802309
10768802332
10768802369
10768802391
10768802409
10768802434
10768802462
10768802482
10768802506
10768802528
10768802562
10768802592
10768802619
10768802650
10768802670
10768802703
10768802730
10768802762
10768802788
10768802824
10768802847
10768802880
10768802909
10768802941
10768802977
10768803014
10768803036
10768803064
10768803099
10768803117
10768803149
10768803174
10768803203
10768803230
10768803256
10768803281
10768803312
10768803331
10768803355
10768803806
10768803828
10768803862
10768803886
10768803911
10768803932
10768803965
10768803988
10768804012
10768804038
10768804071
10768826335
10768826363
10768826389
10768826423
10768826454
10768826478
10768826497
10768826516
10768826545
10768826570
10768826589
10768826601
10768826623
10768826640
10768826665
10768826685
10768826707
10768826728
10768826757
10768826783
10768826809
10768826832
10768826851
10768826871
10768826896
10768826915
10768826946
10768826966
10768826985
10768827010
10768827031
10768827045
10768827057
10768827082
10768827100
10768827115
10768827144
10768827169
10768827197
10768827219
10768827251
10768827281
10768827317
10768827347
10768827368
10768827400
10768827418
10768827439
10768827464
10768827489
10768827522
10768893094
10768893171
10768893277
10768893330
10768893384
10768893424
10768893494
10768893572
10768893618
10768893658
10768893698
10768893746
10768893796
10768893837
10768893880
10768893942
10768893995
10768894030
10768894072
10768894110
10768894148
10768894185
10768894217
10768894254
10768894308
10768894354
10768894405
10768894453
10768894496
10768894545
10768894586
10768894631
10768894667
10768894702
10768894753
10768894809
10768894877
10768894914
10768894974
10768895009
10768895060
10768895104
10768895153
10768895197
10768895252
10768895300
10768895349
10768895399
10768895448
10768895512
10768895558
10768895606
10768895652
10768895696
10768895745
10768897271
10768897307
10768897362
10768897400
10768897435
10768897462
10768897495
10768897538
10768897579
10768897631
10768897672
10768897713
10768897758
10768897814
10768897861
10768897906
10768897950
10768897993
10768898034
10768898080
10768898130
10768898173
10768898226
10768898261
10768898294
10768898335
10768898386
10768898441
10768898492
10768898546
10768898599
10768898639
10768898689
10768898729
10768898780
10768898829
10768898871
10768898912
10768898961
10768899015
10768899060
10768899125
10768899163
10768899209
10768899262
10768899299
10768899330
10768899371
10768900264
10768901672
10768902643
10768903478
10768903597
10768903644
10768903674
10768903710
10768903744
10768903785
10768903828
10768903869
10768903906
10768903949
10768903992
10768904034
10768904093
10768904141
10768904177
10768904209
10768904253
10768904282
10768904327
10768904369
10768904414
10768904450
10768904487
10768904524
10768904561
10768904591
10768904630
10768904664
10768904700
10768904739
10768904789
10768904825
10768904875
10768904911
10768904948
10768904975
10768905017
10768905053
10768905078
10768905106
10768905143
10768905177
10768905210
10768905239
10768905294
10768905329
10768905353
10768905404
10768905433
10768907194
10768907248
10768907268
10768907294
10768907317
10768907344
10768907365
10768907391
10768907417
10768907437
10768907453
10768907473
10768907496
10768907512
10768907530
10768907553
10768907575
10768907594
10768907608
10768907630
10768907646
10768907665
10768907681
10768907717
10768907735
10768907763
10768914487
10768914535
10768914565
10768914603
10768914667
10768914687
10768914742
10768914763
10768914892
10768914976
10768915032
10768915046
10768915061
10768915081
10768915102
10768915115
10768915132
10768915150
10768915170
10768915186
10768915200
10768915221
10768915235
10768915247
10768915266
10768915288
10768915304
10768915316
10768915334
10768915357
10768915376
10768915392
10768915406
10768915416
10768915434
10768915449
10768915464
10768915474
10768915491
10768915503
10768915521
10768915543
10768915557
10768915570
10768915584
10768920297
10768920322
10768920373
10768920398
10768920437
10768920465
10768920489
10768920508
10768920528
10768920549
10768920576
10768920608
10768920636
10768920670
10768920695
10768920720
10768920747
10768920769
10768920796
10768920825
10768920845
10768920864
10768920885
10769018933
10769018994
10769019124
10769019228
10769019259
10769019287
10769019330
10769019369
10769019395
10769019420
10769019455
10769019481
10769019507
10769019533
10769019561
10769019591
10769019611
10769019640
10769019672
10769019703
10769019730
10769019752
10769019782
10769019815
10769019857
10769019883
10769019910
10769019949
10769019976
10769020007
10769020041
10769020071
10769020142
10769020181
10769020214
10769020241
10769020284
10769020329
10769020369
10769020399
10769020437
10769020476
10769020509
10769020549
10769020589
10769020625
10769020665
10769020708
10769020747
10769020778
10769020807
10769020849
10769020874
10769020920
10769020960
10769021002
10769021040
10769021071
10769021100
10769021142
10769021167
10769021207
10769021241
10769021275
10769021323
10769021353
10769021375
10769021406
10769021445
10769021484
10769021512
10769021542
10769021583
10769021616
10769021654
10769021688
10769021723
10769021768
10769021798
10769021828
10769021869
10769021913
10769021946
10769021983
10769022024
10769022061
10769022101
10769022137
10769022164
10769022192
10769022236
10769022278
10769022299
10769022336
10769022371
10769022412
10769022436
10769022470
10769022502
10769022537
10769022555
10769025335
10769025390
10769025425
10769025461
10769025497
10769025531
10769025569
10769025592
10769025645
10769025682
10769025706
10769025735
10769025771
10769025807
10769025844
10769025879
10769025913
10769025953
10769025995
10769026036
10769026083
10769026116
10769026162
10769026204
10769026258
10769026294
10769026332
10769026381
10769026410
10769026450
10769026486
10769026523
10769026562
10769026596
10769026632
10769026662
10769026688
10769026720
10769026761
10769026806
10769026831
10769026877
10769026921
10769026963
10769026990
10769027029
10769027075
10769027117
10769027162
10769027201
10769027220
10769027252
10769027299
10769027343
10769027385
10769027416
10769027451
10769027482
10769027518
10769027555
10769027599
10769027655
10769027681
10769027740
10769027780
10769027817
10769027860
10769027899
10769027942
10769027988
10769028025
10769028056
10769028078
10769028131
10769028166
10769028193
10769028232
10769028267
10769028316
10769028357
10769028403
10769028446
10769031114
10769031190
10769031319
10769031354
10769031379
10769031410
10769031441
10769031480
10769031516
10769031554
10769031588
10769031619
10769031647
10769031677
10769031713
10769031732
10769031763
10769031791
10769031835
10769031867
10769031899
10769031936
10769031956
10769031984
10769032019
10769032046
10769032077
10769032096
10769032123
10769032151
10769032194
10769032216
10769032245
10769032276
10769032299
10769032335
10769032359
10769032385
10769032402
10769032423
10769032446
10769032473
10769032503
10769032538
10769032568
10769032605
10769032637
10769032664
10769032696
10769032726
10769032770
10769032807
10769032840
10769032873
10769032902
10769032936
10769032977
10769033012
10769033049
10769033080
10769033100
10769033130
10769033165
10769033202
10769033231
10769033258
10769033280
10769033329
10769033360
10769034759
10769034884
10769034932
10769034967
10769035008
10769035066
10769035099
10769035141
10769035182
10769035242
10769035288
10769035328
10769035366
10769035417
10769035456
10769035501
10769035542
10769035587
10769035630
10769035666
10769035704
10769035746
10769035797
10769035834
10769035872
10769035906
10769035949
10769035995
10769036029
10769036069
10769036108
10769036147
10769036186
10769036228
10769036264
10769036306
10769036341
10769036376
10769036416
10769036442
10769036550
10769036644
10769036687
10769036786
10769036822
10769036867
10769036906
10769036942
10769036998
10769037047
10769037096
10769037128
10769037168
10769037201
10769037232
10769037261
10769037295
10769037342
10769037375
10769037399
10769037438
10769037480
10769037517
10769037559
10769037595
10769037629
10769037674
10769037715
10769037755
10769037801
10769037843
10769037885
10769037931
10769037973
10769038016
10769038050
10769038087
10769038144
10769038180
10769038219
10769038258
10769038282
10769038317
10769038356
10769038396
10769038430
10769038465
10769038500
10769038541
10769038578
10769038620
10769038657
10769038697
10769038724
10769038760
10769038801
10769038834
10769038868
10769038908
10769038946
10769038990
10769039023
10769039067
10769039099
10769039139
10769039168
10769039205
10769039245
10769039277
10769039306
10769039330
10769039365
10769039405
10769039440
10769039480
10769039516
10769039550
10769039579
10769039618
10769039657
10769039702
10769039737
10769039770
10769039793
10769039826
10769039857
10769039889
10769039931
10769039977
10769040022
10769040065
10769040107
10769040159
10769040200
10769040242
10769040282
10769040327
10769040377
10769040423
10769040456
10769040497
10769040539
10769040589
10769040637
10769041983
10769042011
10769042048
10769042092
10769042129
10769042165
10769042193
10769042230
10769042277
10769042313
10769042348
10769042385
10769042425
10769042468
10769042503
10769042538
10769042576
10769042613
10769042650
10769042687
10769042723
10769042764
10769042804
10769042847
10769042881
10769042921
10769042956
10769042988
10769043023
10769043062
10769043115
10769043186
10769043212
10769043235
10769043254
10769043264
10769043287
10769043317
10769043339
10769043368
10769043398
10769043415
10769043434
10769043457
10769043484
10769043507
10769043531
10769043555
10769043580
10769043603
10769043633
10769043640
10769043664
10769043677
10769043705
10769043735
10769043755
10769043781
10769043801
10769043821
10769043843
10769043859
10769043880
10769043910
10769043937
10769043960
10769043992
10769044018
10769044051
10769044085
10769044117
10769044144
10769044170
10769044188
10769044206
10769044223
10769044253
10769044272
10769044292
10769044325
10769044344
10769044364
10769044394
10769044417
10769044442
10769044471
10769044494
10769044511
10769044532
10769044554
10769044570
10769044590
10769044618
10769044642
10769044666
10769044693
10769044709
10769044727
10769044755
10769044783
10769044803
10769044827
10769044854
10769044884
10769044914
10769044941
10769044965
10769044993
10769045003
10769045029
10769045051
10769045067
10769045090
10769045123
10769045161
10769045187
10769045222
10769045241
10769045272
10769045302
10769045320
10769045335
10769045369
10769045395
10769045421
10769045446
10769045466
10769045493
10769045520
10769045535
10769045565
10769045591
10769152315
10769152372
10769152459
10769152521
10769152588
10769152613
10769152638
10769152667
10769152760
10769152790
10769152813
10769152842
10769152868
10769152898
10769152931
10769152959
10769152992
10769153017
10769153043
10769153064
10769153096
10769153132
10769153168
10769153200
10769153229
10769153263
10769153299
10769153333
10769153374
10769153404
10769153432
10769153466
10769153498
10769153536
10769153567
10769153599
10769153637
10769153664
10769153691
10769153728
10769153758
10769153791
10769153815
10769153852
10769153894
10769153931
10769153955
10769153989
10769154019
10769154044
10769154084
10769154105
10769154130
10769154164
10769154201
10769154234
10769154285
10769154314
10769154351
10769154377
10769154410
10769154441
10769154465
10769154505
10769154533
10769154570
10769154601
10769154624
10769154649
10769154683
10769154720
10769154755
10769154776
10769154811
10769154831
10769154870
10769154896
10769154926
10769154960
10769154990
10769155028
10769155064
10769155090
10769155120
10769155152
10769155196
10769155222
10769155241
10769155276
10769155303
10769155333
10769155367
10769155393
10769155423
10769155458
10769155485
10769155509
10769155549
10769155592
10769155627
10769155653
10769155689
10769155724
10769155766
10769155797
10769155828
10769263552
10769263622
10769263677
10769263741
10769263759
10769263799
10769263827
10769263843
10769263855
10769263874
10769263888
10769263913
10769263936
10769263960
10769263975
10769263993
10769264010
10769264026
10769264051
10769264064
10769264083
10769264108
10769264127
10769264154
10769264173
10769264207
10769264235
10769264250
10769264268
10769264285
10769264301
10769264321
10769264339
10769264352
10769264370
10769264388
10769264411
10769264432
10769264450
10769264465
10769264489
10769264510
10769264523
10769264540
10769264557
10769264572
10769264590
10769264605
10769264623
10769264634
10769264658
10769264676
10769264708
10769264725
10769264751
10769264772
10769264798
10769264815
10769264839
10769264852
10769264877
10769264897
10769264918
10769264937
10769264957
10769264976
10769264994
10769265007
10769265027
10769265045
10769265060
10769265078
10769265098
10769265112
10769265131
10769265149
10769265170
10769265194
10769265204
10769265223
10769265243
10769265265
10769265284
10769265300
10769265320
10769265333
10769265356
10769265393
10769265432
10769265462
10769265492
10769265523
10769265561
10769265588
10769265622
10769265651
10769265685
10769265718
10769265755
10769266139
10769266172
10769266212
10769266253
10769266296
10769266322
10769266357
10769266392
10769266428
10769266462
10769266484
10769266510
10769266549
10769266587
10769266612
10769266652
10769266677
10769266708
10769266745
10769266774
10769266802
10769266833
10769266868
10769266897
10769266930
10769266968
10769267006
10769267037
10769267074
10769267106
10769267147
10769267177
10769267214
10769267248
10769267284
10769267327
10769267367
10769267404
10769267439
10769267470
10769267510
10769267541
10769267572
10769267610
10769267657
10769267689
10769267730
10769267767
10769267808
10769267846
10769267875
10769267909
10769267939
10769267964
10769268001
10769268037
10769268072
10769268104
10769268143
10769268177
10769268211
10769268246
10769268281
10769268316
10769268357
10769268395
10769268417
10769268453
10769268493
10769268532
10769268564
10769268585
10769268621
10769268652
10769268678
10769268716
10769268752
10769268789
10769268814
10769268856
10769268892
10769268922
10769268957
10769268988
10769269015
10769269045
10769269059
10769269076
10769269101
10769269140
10769269152
10769269180
10769269202
10769269217
10769269312
10769269323
10769269344
10769269358
10769269378
10769269400
10769269410
10769269435
10769269449
10769269476
10769269501
10769269515
10769269538
10769269551
10769269570
10769269586
10769269609
10769269636
10769269651
10769269669
10769269692
10769269716
10769269744
10769269772
10769269798
10769269822
10769269843
10769269868
10769269885
10769269903
10769269919
10769269935
10769269957
10769269975
10769269988
10769270010
10769270031
10769270044
10769270065
10769270084
10769270105
10769270121
10769270144
10769270161
10769270189
10769270210
10769270224
10769270250
10769270270
10769270288
10769270315
10769270331
10769271060
10769271083
10769271111
10769271134
10769271766
10769271787
10769271803
10769271833
10769271857
10769271877
10769271903
10769271930
10769271971
10769271990
10769272012
10769272041
10769272057
10769272079
10769272094
10769272111
10769272125
10769272135
10769272155
10769272181
10769272205
10769272220
10769272234
10769272254
10769272272
10769272289
10769272309
10769272332
10769272345
10769272353
10769272377
10769272397
10769272415
10769272426
10769272440
10769272452
10769272467
10769272474
10769272486
10769272507
10769272528
10769272547
10769272569
10769272586
10769272600
10769272613
10769272632
10769272654
10769272672
10769272689
10769272706
10769272733
10769272752
10769272769
10769272793
10769272817
10769272839
10769272860
10769272875
10769272889
10769272914
10769272933
10769272948
10769272967
10769272985
10769273008
10769273028
10769273045
10769273057
10769273074
10769273091
10769273113
10769273141
10769273165
10769273188
10769273214
10769273237
10769273254
10769273274
10769273290
10769273320
10769273345
10769273359
10769273382
10769273404
10769273425
10769273437
10769273455
10769273469
10769273497
10769273526
10769273539
10769273561
10769273983
10769274005
10769274021
10769274037
10769274055
10769274079
10769274094
10769274165
10769274207
10769274236
10769274257
10769274276
10769274293
10769274316
10769274342
10769274365
10769274382
10769274402
10769274432
10769274447
10769274475
10769274498
10769274517
10769274547
10769274581
10769274597
10769274615
10769274629
10769274657
10769274680
10769274700
10769274711
10769274740
10769274756
10769274780
10769274801
10769274811
10769274840
10769274854
10769274863
10769274884
10769274903
10769274931
10769274950
10769274970
10769274992
10769275009
10769275034
10769275056
10769275070
10769275093
10769275127
10769275152
10769275166
10769275180
10769275205
10769275224
10769275268
10769275284
10769275304
10769275327
10769275341
10769275365
10769275379
10769275405
10769275418
10769275434
10769275459
10769275483
10769275505
10769275525
10769275543
10769275571
10769275595
10769275623
10769275688
10769275708
10769275730
10769275751
10769275769
10769275795
10769275900
10769275918
10769275945
10769275964
10769275989
10769276011
10769276032
10769276049
10769276070
10769276096
10769276115
10769276133
10769276157
10769276186
10769276210
10769276221
10769276249
10769276274
10769276297
10769276318
10769276341
10769276366
10769276406
10769276428
10769276448
10769276463
10769276487
10769276500
10769276521
10769276544
10769276563
10769276584
10769276597
10769276618
10769276650
10769276672
10769276694
10769276709
10769276727
10769276744
10769276765
10769276792
10769276808
10769276829
10769276847
10769276870
10769276892
10769276909
10769276934
10769276953
10769276971
10769276991
10769277010
10769277038
10769277051
10769277065
10769277089
10769277105
10769277131
10769277157
10769277174
10769277194
10769277208
10769277236
10769277255
10769277286
10769277300
10769277661
10769277679
10769277682
10769277697
10769277715
10769277735
10769277752
10769277770
10769277780
10769277809
10769277825
10769277856
10769277872
10769277889
10769277917
10769277938
10769277963
10769278038
10769278079
10769278127
10769278520
10769278596
10769278641
10769278720
10769278759
10769278811
10769278836
10769278858
10769278877
10769278901
10769278922
10769278942
10769278968
10769278988
10769279010
10769279029
10769279053
10769279075
10769279091
10769279114
10769279136
10769279152
10769279170
10769279186
10769279203
10769279229
10769279254
10769279276
10769279296
10769279311
10769279331
10769279351
10769279373
10769279397
10769279422
10769279443
10769279472
10769279489
10769279519
10769279540
10769279568
10769279598
10769279630
10769279661
10769279681
10769279714
10769279735
10769279754
10769279775
10769279794
10769279811
10769279827
10769279860
10769279880
10769279894
10769279911
10769279929
10769279940
10769279955
10769279980
10769279994
10769280016
10769280042
10769280053
10769280077
10769280088
10769280104
10769280124
10769280141
10769280160
10769280190
10769707383
10769707423
10769707485
10769707522
10769707557
10769707573
10769707590
10769707613
10769707630
10769707647
10769707661
10769707678
10769707698
10769707710
10769707723
10769707744
10769707761
10769707787
10769707810
10769707831
10769707849
10769707863
10769707880
10769707898
10769707910
10769707929
10769707939
10769707949
10769707963
10769707978
10769707996
10769708019
10769708035
10769708059
10769708079
10769708095
10769708112
10769708126
10769708135
10769708144
10769708169
10769708184
10769708200
10769708210
10769708232
10769708247
10769708262
10769708278
10769708293
10769708312
10769708335
10769708359
10769708370
10769708387
10769708406
10769708428
10769708445
10769708465
10769708487
10769708511
10769708520
10769708539
10769708551
10769708560
10769708569
10769708577
10769708604
10769708617
10769708630
10769708646
10769708661
10769708680
10769708694
10769708713
10769708733
10769708755
10769708775
10769708792
10769708807
10769708828
10769708844
10769708856
10769708875
10769708906
10769708918
10769708943
10769708966
10769708988
10769709007
10769709026
10769709049
10769709063
10769709076
10769709092
10769709103
10769709116
10769709132
10769709463
10769709509
10769709520
10769709534
10769709545
10769709554
10769709566
10769709581
10769709602
10769709624
10769709648
10769709664
10769709689
10769709708
10769709724
10769709737
10769709763
10769709778
10769709792
10769709807
10769709824
10769709828
10769709850
10769709864
10769709880
10769709895
10769709906
10769709926
10769709946
10769709957
10769709970
10769709982
10769709998
10769710015
10769710029
10769710046
10769710069
10769710090
10769710107
10769710133
10769710159
10769710177
10769710190
10769710202
10769710224
10769710236
10769710261
10769710271
10769710282
10769710297
10769710308
10769710330
10769710345
10769710368
10769710383
10769710399
10769710416
10769710426
10769710439
10769710458
10769710472
10769710489
10769710503
10769710519
10769710528
10769710543
10769710567
10769710588
10769710604
10769710615
10769710629
10769710649
10769710660
10769710680
10769710687
10769710703
10769710729
10769710745
10769710759
10769710774
10769710786
10769710807
10769710830
10769710851
10769710863
10769710875
10769710900
10769710914
10769710932
10769710945
10769710962
10769710977
10769710996
10769711015
10769711028
10769711187
10769711211
10769711229
10769711240
10769711260
10769711268
10769711275
10769711289
10769711302
10769711322
10769711334
10769711351
10769711361
10769711370
10769711378
10769711387
10769711398
10769711412
10769711420
10769711432
10769711438
10769711448
10769711458
10769711467
10769711480
10769711489
10769711503
10769711518
10769711530
10769711543
10769711559
10769711570
10769711582
10769711590
10769711602
10769711612
10769711619
10769711623
10769711639
10769711651
10769711665
10769711674
10769711685
10769711693
10769711698
10769711712
10769711728
10769711742
10769711750
10769711760
10769711770
10769711779
10769711789
10769711793
10769711811
10769711823
10769711830
10769711839
10769711850
10769711860
10769711870
10769711887
10769711907
10769711921
10769711935
10769711949
10769711961
10769711972
10769711985
10769711994
10769712002
10769712015
10769712029
10769712045
10769712057
10769712064
10769712069
10769712086
10769712098
10769712109
10769712118
10769712132
10769712141
10769712153
10769712168
10769712172
10769712185
10769712196
10769712206
10769712216
10769712222
10769712229
10769712241
10769712256
10769712443
10769712454
10769712461
10769712472
10769712481
10769712494
10769712502
10769712513
10769712527
10769712537
10769712548
10769712564
10769712573
10769712584
10769712594
10769712612
10769712619
10769712626
10769712637
10769712647
10769712662
10769712669
10769712682
10769712694
10769712704
10769712713
10769712726
10769712733
10769712742
10769712752
10769712763
10769712773
10769712788
10769712799
10769712808
10769712819
10769712830
10769712842
10769712850
10769712866
10769712878
10769712882
10769712898
10769712909
10769712924
10769712938
10769712945
10769712956
10769712972
10769712987
10769712999
10769713009
10769713020
10769713032
10769713040
10769713049
10769713059
10769713074
10769713082
10769713093
10769713110
10769713117
10769713125
10769713137
10769713150
10769713167
10769713177
10769713189
10769713203
10769713222
10769713236
10769713251
10769713261
10769713272
10769713280
10769713286
10769713295
10769713302
10769713308
10769713320
10769713330
10769713345
10769713353
10769713370
10769713381
10769713390
10769713407
10769713418
10769713428
10769713436
10769713447
10769713458
10769713466
10769713609
10769713617
10769713625
10769713638
10769713645
10769713653
10769713659
10769713672
10769713680
10769713690
10769713706
10769713723
10769713738
10769713743
10769713750
10769713756
10769713767
10769713776
10769713785
10769713793
10769713800
10769713811
10769713819
10769713825
10769713839
10769713852
10769713872
10769713885
10769713892
10769713904
10769713913
10769713930
10769713945
10769713955
10769713966
10769713976
10769713986
10769714005
10769714016
10769714028
10769714042
10769714057
10769714075
10769714085
10769714102
10769714113
10769714127
10769714138
10769714147
10769714162
10769714171
10769714184
10769714196
10769714215
10769714220
10769714228
10769714237
10769714244
10769714250
10769714261
10769714273
10769714278
10769714290
10769714302
10769714330
10769714351
10769714364
10769714381
10769714397
10769714410
10769714429
10769714441
10769714451
10769714460
10769714470
10769714483
10769714496
10769714513
10769714524
10769714531
10769714538
10769714549
10769714569
10769714580
10769714593
10769714599
10769714611
10769714623
10769714636
10769714650
10769714658
10769804677
10769804724
10769804760
10769804847
10769804871
10769804889
10769804900
10769804915
10769804935
10769804950
10769804969
10769804985
10769805020
10769805031
10769805048
10769805066
10769805085
10769805103
10769805119
10769805146
10769805164
10769805176
10769805191
10769805208
10769805224
10769805243
10769805254
10769805273
10769805294
10769805311
10769805323
10769805333
10769805358
10769805376
10769805394
10769805406
10769805420
10769805434
10769805452
10769805466
10769805477
10769805496
10769805511
10769805524
10769805542
10769805554
10769805563
10769805584
10769805605
10769805618
10769805646
10769805657
10769805672
10769805690
10769805705
10769805720
10769805739
10769805763
10769805778
10769805791
10769805804
10769805818
10769805827
10769805840
10769805852
10769805868
10769805885
10769805902
10769805917
10769805928
10769805951
10769805970
10769805983
10769805997
10769806017
10769806031
10769806048
10769806070
10769806086
10769806102
10769806118
10769806133
10769806149
10769806170
10769806181
10769806196
10769806208
10769806221
10769806238
10769806251
10769806272
10769806284
10769806303
10769806323
10769806343
10769806366
10769806382
10769806394
10769806504
10769806521
10769806534
10769806547
10769806564
10769806579
10769806602
10769806618
10769806633
10769806643
10769806657
10769806672
10769806683
10769806700
10769806716
10769806729
10769806741
10769806754
10769806773
10769806797
10769806816
10769806823
10769806839
10769806859
10769806893
10769806907
10769806916
10769806930
10769806945
10769806956
10769806970
10769806983
10769806994
10769807008
10769807019
10769807034
10769807044
10769807057
10769807075
10769807083
10769807098
10769807113
10769807132
10769807143
10769807149
10769807163
10769807179
10769807191
10769807198
10769807211
10769807222
10769807244
10769807259
10769807276
10769807292
10769807307
10769807319
10769807329
10769807343
10769807361
10769807371
10769807386
10769807399
10769807413
10769807425
10769807440
10769807457
10769807475
10769807486
10769807497
10769807513
10769807534
10769807548
10769807561
10769807576
10769807585
10769807603
10769807616
10769807627
10769807649
10769807661
10769807673
10769807679
10769807698
10769807707
10769807720
10769807744
10769807755
10769807769
10769807783
10769807794
10769807808
10769807823
10769807839
10769807852
10769807930
10769807954
10769807969
10769807987
10769808000
10769808019
10769808042
10769808060
10769808074
10769808085
10769808099
10769808112
10769808123
10769808140
10769808153
10769808167
10769808186
10769808200
10769808212
10769808228
10769808246
10769808261
10769808271
10769808278
10769808296
10769808306
10769808315
10769808329
10769808350
10769808357
10769808373
10769808395
10769808407
10769808424
10769808446
10769808461
10769808477
10769808494
10769808511
10769808530
10769808553
10769808574
10769808589
10769808602
10769808623
10769808643
10769808663
10769808674
10769808687
10769808698
10769808715
10769808726
10769808741
10769808750
10769808762
10769808783
10769808807
10769808819
10769808833
10769808848
10769808857
10769808869
10769808884
10769808897
10769808909
10769808929
10769808943
10769808949
10769808968
10769808980
10769808994
10769809012
10769809024
10769809035
10769809050
10769809066
10769809081
10769809091
10769809114
10769809122
10769809136
10769809150
10769809173
10769809189
10769809202
10769809214
10769809223
10769809242
10769809251
10769809274
10769809284
10769809301
10769809312
10769809323
10769809333
10769809349
10769809363
10769809375
10769810174
10769810192
10769810208
10769810219
10769810238
10769810254
10769810269
10769810292
10769810301
10769810317
10769810327
10769810339
10769810351
10769810368
10769810380
10769810394
10769810410
10769810424
10769810440
10769810463
10769810474
10769810485
10769810509
10769810530
10769810547
10769810562
10769810582
10769810597
10769810613
10769810633
10769810646
10769810656
10769810676
10769810694
10769810711
10769810729
10769810741
10769810755
10769810778
10769810799
10769810810
10769810831
10769810845
10769810858
10769810871
10769810889
10769810900
10769810910
10769810920
10769810940
10769810958
10769810971
10769810984
10769811001
10769811014
10769811025
10769811038
10769811049
10769811066
10769811081
10769811094
10769811114
10769811140
10769811151
10769811167
10769811174
10769811191
10769811206
10769811233
10769811244
10769811257
10769811271
10769811289
10769811308
10769811328
10769811345
10769811359
10769811369
10769811378
10769811391
10769811404
10769811416
10769811434
10769811446
10769811460
10769811501
10769811521
10769811550
10769811561
10769811574
10769811589
10769811601
10769811612
10769811630
10769811638
